11
1
1
1
1
1
1
1
1
1
1
1
1
1
1
1
1
1
1
1
11
1
1
1
1
1
1
1
1
1
1
1
1
1
1
1
1
1
1
1
11
1
1
1
1
1
1
1
1
1
1
1
1
1
1
1
1
1
1
1
11
1
1
1
1
4
4
4
4
4
1
1
1
1
1
1
1
1
1
1
11
1
1
1
4
4
5
5
5
4
1
1
1
1
1
1
1
1
1
1
11
1
1
1
4
4
5
21
5
4
1
1
1
1
1
1
1
1
1
1
11
1
1
1
4
4
5
5
5
4
1
1
1
1
1
1
1
1
1
1
11
1
1
1
4
4
4
4
4
4
1
1
1
1
1
1
1
1
1
1
11
1
1
1
1
1
1
1
1
1
1
1
1
1
1
1
1
1
1
1
11
1
1
1
1
1
1
1
1
1
1
1
3
3
3
3
3
3
3
1
11
1
1
1
1
1
1
1
1
1
1
1
3
3
3
3
3
3
3
1
11
1
1
1
1
1
1
1
1
1
1
1
1
1
1
1
3
3
3
1
11
1
1
1
1
1
1
1
1
1
1
1
1
1
1
1
3
3
3
1
11
1
1
1
1
1
1
1
1
1
1
1
1
1
1
1
1
1
1
1
11
1
1
1
1
1
1
1
1
1
1
1
1
1
1
1
1
1
1
1