9
14
14
14
14
14
14
14
14
14
14
14
14
14
14
14
14
14
14
14
11
1
1
1
1
1
1
1
1
1
1
1
1
1
1
2
2
2
2
2
11
1
1
1
1
1
1
1
1
1
1
1
1
1
1
1
1
1
2
2
11
1
1
1
1
1
1
1
1
1
1
1
1
1
1
1
1
1
2
2
11
1
3
3
3
1
1
1
1
1
1
1
1
1
1
1
1
1
1
1
11
1
5
5
3
1
1
1
1
1
1
1
1
1
1
1
1
1
1
1
11
1
4
5
3
1
1
1
1
1
1
1
1
1
1
1
1
3
1
1
11
1
1
1
1
1
1
1
1
1
1
1
1
1
1
1
3
3
1
1
11
1
1
1
1
1
1
1
1
1
1
1
1
1
1
1
2
2
3
1
11
1
1
1
1
1
1
1
1
1
1
1
1
1
1
1
3
3
3
1
11
1
1
1
1
1
1
1
1
1
1
1
1
23
1
1
1
1
1
1
11
1
3
3
3
1
1
1
1
1
1
1
1
1
1
1
1
1
1
1
11
1
3
3
3
1
1
1
1
1
1
1
1
1
1
1
1
1
1
1
11
1
3
3
3
1
1
1
1
1
1
1
1
1
1
1
1
1
1
1
11
1
1
1
1
1
1
1
1
1
1
1
1
1
1
1
1
1
1
1