1
1
1
1
3
1
1
2
3
3
2
2
2
2
3
3
1
1
1
1
1
1
1
1
3
3
2
2
3
3
3
5
5
2
3
3
1
1
1
1
1
1
1
1
1
1
1
1
1
1
1
1
1
1
1
1
1
1
1
1
1
1
1
1
1
1
1
1
1
1
1
1
1
1
1
1
1
1
1
1
1
1
1
1
1
1
1
1
5
5
5
1
1
1
1
1
1
1
1
1
1
1
1
3
3
1
1
1
4
4
5
1
1
3
5
5
1
1
1
1
1
1
3
3
3
3
1
1
5
5
1
1
1
3
5
5
5
1
1
1
1
1
1
3
3
1
1
1
1
1
1
1
1
3
3
5
4
4
1
1
1
1
1
1
1
1
1
1
1
1
1
1
1
1
1
1
1
1
1
1
1
1
1
1
1
1
1
1
1
1
1
1
1
1
1
1
1
1
1
1
1
1
1
1
1
1
1
1
1
1
1
1
1
1
1
1
1
1
1
1
1
1
1
1
1
1
1
1
1
1
1
1
1
1
1
1
17
1
1
1
1
1
1
1
1
1
1
1
1
3
3
1
1
1
1
1
1
1
1
1
1
1
1
1
1
1
1
1
3
2
2
3
1
1
1
1
1
1
1
1
13
13
13
13
13
13
13
13
13
13
13
13
13
13
13
13
13
13
13
13