14
14
14
14
14
14
14
14
14
14
14
14
14
14
14
14
14
14
14
14
1
1
1
3
5
4
1
1
1
1
1
1
1
3
3
3
3
3
1
1
1
1
1
1
1
1
1
1
1
1
1
1
1
1
3
3
3
1
1
1
1
1
1
1
1
1
1
1
1
1
1
1
1
1
1
1
1
1
1
1
1
1
1
1
1
1
1
1
1
1
1
1
1
1
1
1
1
1
1
1
1
1
1
1
3
3
2
2
3
3
3
2
2
2
3
3
1
1
1
1
1
1
1
1
3
3
2
2
3
3
3
2
2
2
3
3
1
1
1
1
1
1
3
3
3
3
1
1
1
1
1
1
1
3
3
3
3
3
1
1
1
1
1
3
3
5
1
1
1
1
1
1
1
3
3
3
3
3
1
1
1
1
1
1
1
1
1
1
1
1
1
1
1
1
1
1
1
1
1
1
1
1
1
1
1
1
1
1
1
1
1
1
1
1
1
1
1
1
1
1
1
1
1
5
1
1
1
1
1
1
1
1
16
1
1
1
1
1
1
1
1
1
1
5
5
1
1
1
1
1
1
1
1
1
1
1
1
1
1
1
1
1
1
1
1
1
1
1
1
1
1
1
1
1
1
1
1
1
1
1
1
1
1
1
1
1
1
1
1
1
3
3
1
1
1
1
1
1
1
1