1
1
1
1
1
1
1
1
1
1
1
1
1
1
1
1
1
1
1
12
1
2
2
2
1
1
1
1
1
1
1
1
1
1
1
1
1
1
1
12
1
2
18
2
1
1
1
1
1
1
1
1
1
1
1
1
1
1
1
12
1
2
2
2
1
1
1
1
1
1
1
1
1
1
1
1
1
1
1
12
1
1
1
1
1
1
1
1
1
1
1
1
1
1
1
1
1
1
1
12
1
1
1
1
1
1
1
1
1
1
1
1
1
2
2
1
1
1
1
12
1
1
1
1
1
1
1
1
1
1
1
1
2
2
2
1
1
1
1
12
1
1
1
1
1
1
1
1
1
1
1
1
1
2
2
1
1
1
1
12
1
1
1
1
1
1
1
1
1
1
1
1
1
1
1
1
1
1
1
12
1
1
1
1
1
1
1
1
1
1
1
1
1
1
1
1
1
1
1
12
1
1
1
1
3
3
1
1
1
1
1
1
1
1
1
1
1
1
1
12
1
1
1
3
3
3
3
1
1
1
1
1
1
1
1
1
1
1
1
12
1
1
1
1
3
3
1
1
1
1
1
1
1
1
1
1
1
1
1
12
1
1
1
1
1
1
1
1
1
1
1
1
1
1
1
1
1
1
1
12
13
13
13
13
13
13
13
13
13
13
13
13
13
13
13
13
13
13
13
8