1
1
3
3
1
1
1
1
1
1
1
1
1
1
1
1
2
2
1
12
1
5
4
5
1
1
1
1
1
1
1
1
1
1
1
1
2
2
1
12
1
5
4
5
1
1
1
1
1
1
1
1
1
1
1
1
1
1
1
12
1
5
4
5
1
1
1
1
1
1
1
1
1
1
1
1
1
1
1
12
1
1
1
1
1
1
1
1
1
1
1
1
1
1
1
1
1
1
1
12
1
1
1
1
1
1
1
1
1
19
1
1
1
1
1
1
1
1
1
12
1
1
1
1
1
1
1
1
1
1
1
1
1
1
1
1
1
1
1
12
1
1
1
1
1
1
1
1
1
1
1
1
1
1
1
1
1
1
1
12
1
1
1
1
1
1
1
3
3
1
1
1
1
1
1
1
1
1
1
12
1
1
1
1
1
1
1
3
5
1
1
1
1
1
1
1
2
1
1
12
1
1
1
1
1
1
1
1
1
1
1
1
1
1
1
2
2
1
1
12
1
1
1
1
1
1
1
1
1
1
1
1
1
1
1
2
2
1
1
12
1
1
1
1
1
1
1
1
1
1
1
1
1
1
1
1
1
1
1
12
1
1
1
1
1
1
1
1
1
1
1
1
1
1
1
1
1
1
1
12
1
1
1
1
1
1
1
1
1
1
1
1
1
1
1
1
1
1
1
12