14
14
14
14
14
14
14
14
14
14
14
14
14
14
14
14
14
14
14
10
1
1
1
1
1
1
1
1
1
1
1
1
1
1
5
4
4
4
5
12
1
1
1
1
1
1
1
1
1
1
1
1
1
1
5
4
4
4
5
12
1
1
1
1
1
1
1
1
1
1
1
1
1
1
5
5
5
5
5
12
1
1
1
1
1
1
1
1
1
1
1
1
1
1
1
1
1
1
1
12
1
1
1
1
1
1
1
1
1
1
1
1
1
1
1
1
1
1
1
12
1
1
1
1
1
1
1
1
1
1
1
1
1
1
1
1
1
1
1
12
1
1
1
1
1
3
3
3
3
1
1
1
1
1
1
1
1
20
1
12
1
1
1
1
1
3
3
3
3
1
1
1
1
1
1
1
1
1
1
12
1
1
1
1
1
3
2
2
3
1
1
1
1
1
1
1
1
1
1
12
1
1
1
1
1
3
2
2
3
1
1
1
1
1
1
1
1
1
1
12
1
1
1
1
1
3
2
2
3
1
1
1
1
1
1
1
1
1
1
12
1
1
1
1
1
3
3
3
3
3
1
1
1
1
1
1
1
1
1
12
1
1
1
1
1
3
3
3
3
3
1
1
1
1
1
1
1
1
1
12
1
1
1
1
1
1
1
1
1
1
1
1
1
1
1
1
1
1
1
12